	CBFB	EGF	COL1A1	B cells naive	B cells memory	Plasma cells	T cells CD8	T cells CD4 naive	T cells CD4 memory resting	T cells CD4 memory activated	T cells follicular helper	T cells regulatory (Tregs)	T cells gamma delta	NK cells resting	NK cells activated	Monocytes	Macrophages M0	Macrophages M1	Macrophages M2	Dendritic cells resting	Dendritic cells activated	Mast cells resting	Mast cells activated	Eosinophils	Neutrophils	P-value	Correlation	RMSE
REF1	7.801034674	11.5863707	9.09918341	0.190559188	0	0.215337176	0	0.157380708	0.147411391	0	0.002849767	0	0	0.056415267	0	0.037029359	0	0	0.182505656	0	0	0.005557426	0	0.004954062	0	0.194	0.099305453	1.048683738
REF2	7.354616714	11.65260226	10.2087424	0.066762507	0	0.309809451	0	0.050305836	0.322164297	0	0	0	0	0.038750711	0	0.031217737	0	0	0.145611019	0	0.003288201	0.028088523	0	0.004001718	0	0.823	-0.009957978	1.096678547
REF3	6.732450113	10.13533521	10.76286645	0	0.109545243	0.00952739	0	0.304227546	0.159288185	0	0	0.05409909	0.193152002	0.008574048	0	0.011182091	0	0	0	0.0952442	0	0.032194941	0	0.022965263	0	0.98	-0.046690523	1.159058625
REF4	7.366504361	10.03631673	10.89067595	0.043447052	0	0.188961565	0	0.058214597	0.365638101	0	0	0	0	0.062577597	0	0.034373323	0	0.001116258	0.214163003	0	0	0.031508505	0	0	0	0.916	-0.024845663	1.099456268
REF5	7.539158811	8.703254734	13.57841938	0	0.003739292	0.039320385	0	0.317322085	0.242051607	0	0	0	0	0.253202192	0	0	0.011184836	0	0.062228485	0	0	0.049812753	0	0.021138364	0	0.931	-0.027416184	1.173467918
REF6	5.7543308	9.295051426	11.82845883	0	0.247053419	0	0	0.387454563	0.005736429	0	0	0	0	0.137470263	0	0	0	0	0	0.063582044	0	0.037343499	0	0.121359782	0	0.933	-0.027841144	1.122330264
REF7	7.978591302	9.693704739	11.6965148	0	0	0.054164606	0	0.076126971	0.308362795	0.026653996	0	0	0	0.024951243	0.002955298	0.204056795	0	0	0.247351413	0	0	0.029474687	0	0.025902196	0	0.98	-0.04688411	1.112125747
REF8	7.658211483	10.5731146	11.04904021	0.015727985	0	0.055032141	0	0.033740563	0.245530875	0	0	0	0	0.002699995	0.042662838	0.028394151	0	0	0.43025491	0	0.00391498	0.142041562	0	0	0	0.948	-0.031076783	1.102893497
REF9	7.164906927	11.10503547	9.685113776	0.09469235	0	0.286585451	0	0.071878073	0.157791407	0	0	0	0	0.028110662	0	0	0	0	0.276606405	0	0	0.079806907	0	0.004528744	0	0.955	-0.033570129	1.093256865
AKI7	6.410451352	7.827607346	13.31896346	0.078523723	0	0	0.040804418	0.221349663	0.082967543	0	0	0.171013204	0	0.207714133	0	0.004399381	0.128765236	0	0.064462698	0	0	0	0	0	0	0.987	-0.054710906	1.163977642
AKI1	8.363769739	8.071685811	13.71865996	0.151147346	0	0.011986891	0	0.02725298	0.282241536	0	0	0.058611095	0	0.024071156	0.029947658	0.346204363	0.051109117	0	0	0	0	0.017427859	0	0	0	0.314	0.069057011	1.07926437
AKI2	8.413980451	9.717283712	12.55194853	0.028572716	0	0.227469722	0	0.081572513	0.248179908	0	0	0.086915838	0	0.062046261	0.024841969	0.111418367	0.081457852	0	0.010016405	0	0	0.006224877	0	0.031283573	0	0.991	-0.057709854	1.114225648
AKI3	7.869465324	8.641750724	10.54430039	0.060305162	0	0.058282004	0	0.216090113	0.222569717	0.019154739	0	0	0	0.186610713	0	0.0271416	0.042095707	0	0.042985886	0	0	0.11309254	0	0.011671818	0	0.981	-0.047209414	1.132326854
AKI4	7.516028284	7.9453219	9.778761617	0.255888349	0	0.26429513	0	0.094222824	0.113666896	0	0	0	0	0.09637266	0	0.024745339	0.04194835	0	0.043780788	0	0	0.065079665	0	0	0	0.657	0.013497304	1.08961126
AKI5	8.818582177	8.893933488	10.26236405	0.064973975	0	0	0.003920968	0	0.210652507	0	0	0.00284654	0	0.131393648	0	0.439062427	0.007764567	0.000780154	0	0	0	0	0.101312574	0.03729264	0	0.878	-0.019198804	1.128765386
AKI11	7.403544678	9.335622969	9.36459067	0.255343494	0	0.406784369	0	0	0.150873313	0	0	0.060567249	0	0.005391805	0.048373473	4.19E-05	0.003122575	0	0.036902966	0	0	0.0325989	0	0	0	0.842	-0.013402027	1.130710995
AKI12	8.131428289	9.431671706	12.72072967	0.10380179	0	0.129620984	0.035296152	0.098489646	0.265165179	0.012701715	0	0	0	0.118076567	0.013353758	0.177474597	0.016557963	0	0.025265734	0	0.004195915	0	0	0	0	0.982	-0.049062402	1.123187734
AKI6	8.33110355	10.26468694	11.94570292	0.018826387	0.054498467	0	0	0.033701679	0.283736698	0	0	0	0	0.144131795	0	0.263287545	0.055334581	0	0.054369513	0	0	0.092113334	0	0	0	0.971	-0.041181163	1.115230791
AKI9	8.405761958	5.839203788	14.67888091	0.041094669	0	0.017255007	0	0.062822341	0.454887216	0	0	0	0	0.176152955	0	0.036322498	0.008948156	0	0.091865001	0	0.001014758	0.1096374	0	0	0	0.889	-0.02128073	1.138004802
AKI10	7.873187747	8.759125311	13.42060174	0.084312726	0	0.062761051	0	0.022737398	0.240853487	0	0.047510569	0	0	0.078831649	0	0.366115957	0.034168161	0	0.046224951	0	0.002743252	0	0	0.013740799	0	0.98	-0.046351801	1.123591491
AKI8	7.600532423	7.207217731	13.38343149	0	0.043525428	0.009865433	0.051617298	0.034299165	0.536729927	0.025748235	0	0	0	0.151155283	0	0.042593769	0.013705609	0.002348596	0.053240392	0	0.015308503	0.019862363	0	0	0	0.146	0.115455537	1.096704939
AKI13	8.450266181	7.275736532	11.95530178	0	0	0.169061395	0.109989048	0.194807827	0.194084651	0	0	0	0	0.129847432	0.010552992	0.140988661	0.036077155	0	0	0	0	0.014590838	0	0	0	0.89	-0.021589987	1.129282386
AKI14	9.059175438	0	12.81124925	0.004146986	0.000199271	9.28E-05	0	0.155140525	0.401440043	0	0	0	0	0.16442857	0	0.206111438	0.028995546	0	0	0	0.004642495	0	0.025745869	0.009056499	0	0.766	-0.001865608	1.142300076
AKI15	9.3524573	10.21502734	11.03680322	0.192422586	0	0.000685368	0	0.079392685	0	0.02363041	0	0.010968589	0.063678593	0.035130587	0	0.031896264	0.066681985	0	0	0	0.002627067	0	0.10559156	0	0.387294305	0.006	0.309601756	1.010930401
AKI16	10.10675376	0	14.27193866	0.034871542	0	0.028215957	0	0.043150058	0.439623956	0.033678491	0	0.048285061	0	0.308349082	0	0.049273084	0	0.000995516	0.013557255	0	0	0	0	0	0	0.958	-0.035128974	1.205637271
AKI17	9.201358184	0	11.49501179	0	0	0.095678661	0.098294877	0	0.257773578	0	0.206020828	0.012186112	0	0	0.009388175	0.072715842	0.039085385	0.061654834	0	0.004299346	0	0.107441679	0	0	0.035460683	0.746	0.000513822	1.102193056
AKI18	7.752659401	8.371504412	12.09077405	0.108795277	0	0	0.059328925	0.263027114	0.011864811	0	0	0	0	0.169807481	0	0.210265345	0.085860733	0	0	0	0.007589596	0.083460718	0	0	0	0.999	-0.085097633	1.138461351
AKI19	7.714674827	6.189000868	11.20446926	0	0.003579595	0.021530227	0.230071148	0	0.214718619	0	0.08022874	0	0	0.156397502	0	0.104395791	0.117759584	0.019598564	0.051720231	0	0	0	0	0	0	0.994	-0.065851618	1.169227812
AKI20	8.448202362	3.594946589	12.88844599	0.134442734	0.007195407	0	0	0.226742011	0	0	0	0.251706078	0	0.126526873	0	0.075980866	0.074084375	0	0	0	0	0	0.103321656	0	0	0.461	0.04230945	1.092150254
AKI21	8.732026061	6.774512549	11.09587773	0	0.082259317	0.009705248	0	0.187741906	0.18524741	0	0.3225753	0	0	0.132797035	0	0	0.002000798	0	0.016493757	0	0.001326687	0.028402814	0	0	0.031449726	0.372	0.057481984	1.131075207
AKI22	7.111353058	8.115152054	13.17317937	0	0.085342292	0	0.048220333	0.249492204	0.14441	0.013449066	0	0	0	0.047008813	0	0.211734906	0.021892388	0.088738911	0	0.018400108	0	0.071310979	0	0	0	0.664	0.012542076	1.097584306
AKI23	7.809634168	8.597509448	11.70388555	0	0.009507234	0	0.006020292	0.003041976	0.078548348	0	0.013099207	0	0	0	0.044495546	0.446990511	0	0.022587204	0	0	0.124377982	0.210101232	0	0.041230468	0	0.53	0.030449013	1.10535056
AKI24	8.818582177	9.905481025	12.29799095	0.150099477	0	0.022197887	0.004906941	0.134622667	0.32179466	0	0.025673156	0	0	0.173038417	0	0.106312861	0.058523775	0.002830159	0	0	0	0	0	0	0	0.76	-0.001217496	1.129998673
AKI25	9.052568051	8.843070464	12.72072967	0.072468817	0	0.017795345	0.03486502	0	0.464649731	0	0	0	0	0.014179813	0	0.357501338	0.027139767	0.0010685	0	0	0	0.010331669	0	0	0	0.113	0.131442608	1.064575207
AKI26	5.596189756	8.032275364	11.43673323	0.157965564	0	0.058750949	0.130952452	0.115338467	0.216411676	0.014480605	0	0	0	0.149368224	0	0.018736109	0.030150421	0	0.052210191	0	0	0	0	0.055635342	0	0.72	0.004276959	1.121969186
AKI27	8.072020919	7.924936186	11.57065622	0	0	0	0	0.295897964	0	0	0	0.044465929	0.059697499	0.070399356	0	0.196010093	0	0	0.123194492	0	0	0	0.210334667	0	0	0.999	-0.091484028	1.140318702
AKI28	7.227615943	8.839466263	12.51099591	0	0.13023338	0.17302337	0	0.372863835	0	0.029999162	0	0.020809977	0.045408823	0.147628437	0	0	0.022950106	0	0	0	0	0.032491194	0	0.024591716	0	0.986	-0.05326453	1.139024468
AKI29	4.640244936	8.39383732	9.874020768	0	0	0.099182082	0	0.322418991	0.258270661	0.029824917	0	0	0	0.058701859	0	0.09238331	0	0.004214179	0.095624473	0	0	0	0	0.039379527	0	0.418	0.048626539	1.097753762
AKI30	10.14550764	7.725508276	11.53724874	0.273256551	0	0.09976217	0.093030519	0	0.081056981	0	0.02457168	0	0	0.062375249	0	0.024475654	0	0	0	0	0	0	0.238197034	0.103274162	0	0.961	-0.036510874	1.11403887
AKI31	7.581200582	9.125628718	12.24824262	0.213279479	0	0.04477221	0	0.165471374	0.105527764	0	0	0.074563713	0	0.094503856	0	0.114078334	0	0.029540589	0.06803352	0	0.090229162	0	0	0	0	0.932	-0.027509702	1.105596761
AKI32	4.963859408	4.448460501	12.90793514	0	0	0	0	0	0.118041238	0	0.216486589	0	0	0	0.072737933	0	0.250361175	0	0.019198793	0	0.029181272	0.202029953	0	0	0.091963048	0.849	-0.014533031	1.112967511
AKI33	8.940435958	5.631783357	12.35535683	0.002197833	0	0.080448713	0	0.031747163	0.178984421	0	0	0.067933505	0	0.008726953	0.043972193	0.29901004	0	0	0	0	0.02373397	0	0.263245208	0	0	0.967	-0.039459971	1.114778975
AKI34	9.547657716	7.142532569	11.86928056	0	0.096244639	0.022176767	0	0.005597727	0	0	0.350011745	0	0	0.225846939	0.040287183	0.118051468	0.102388293	0	0	0	0	0.018924426	0.015002741	0.005468073	0	0.952	-0.032242265	1.139244898
AKI35	6.782179194	9.046726139	13.29687141	0	0.057460343	0	0	0	0.255282162	0.041101924	0	0.049417118	0	0.261759178	0	0.196765696	0.091591283	0	0	0	0	0.046622297	0	0	0	0.983	-0.050091825	1.145444403
AKI36	8.747213945	9.55322929	12.47218841	0.512081705	0	0	0	0	0.03193271	0	0.079788299	0	0	0.054578867	0	0.140599948	0	0	0.162266709	0	0.018751761	0	0	0	0	0.869	-0.01782704	1.143871695
AKI37	8.71624787	7.236412892	12.57870683	0	0.036304921	0.054116099	0.017497543	0.237652393	0.218523876	0	0	0	0	0.156264256	0	0.254903123	0.022781024	0	0	0	0.001956767	0	0	0	0	0.365	0.060426392	1.095991556
AKI38	9.233569749	6.999765168	13.50950957	0.133353591	0	0.10586865	0	0.183977888	0	0.083463556	0	0.008133991	0	0	0.038510147	0.375809418	0.060851421	0	0	0	0.010031338	0	0	0	0	0.954	-0.032843232	1.111522563
AKI39	6.882388314	6.54399845	12.79384882	0	0.073554747	0.009888877	0.011810985	0.332025459	0.125000149	0	0	0	0	0.233725834	0	0.063528753	0.097845223	0	0.017976771	0	0	0.034643203	0	0	0	0.956	-0.033772255	1.151370922
