Mixture	B cells naive	B cells memory	Plasma cells	T cells CD8	T cells CD4 naive	T cells CD4 memory resting	T cells CD4 memory activated	T cells follicular helper	T cells regulatory (Tregs)	T cells gamma delta	NK cells resting	NK cells activated	Monocytes	Macrophages M0	Macrophages M1	Macrophages M2	Dendritic cells resting	Dendritic cells activated	Mast cells resting	Mast cells activated	Eosinophils	Neutrophils	P-value	Correlation	RMSE
REF1	0.190559187524436	0	0.21533717623009	0	0.157380708435922	0.147411390679205	0	0.00284976697609227	0	0	0.0564152667219696	0	0.0370293590330164	0	0	0.182505656198402	0	0	0.00555742603907547	0	0.0049540621617916	0	0.194	0.0993054534618731	1.04868373754076
REF2	0.066762506931252	0	0.309809450593899	0	0.0503058364103043	0.322164296668575	0	0	0	0	0.0387507113537679	0	0.0312177368601977	0	0	0.145611019110321	0	0.00328820092996451	0.0280885230188662	0	0.00400171812285272	0	0.823	-0.00995797768886506	1.09667854704654
REF3	0	0.109545243292425	0.00952739038203326	0	0.304227546164557	0.159288184801548	0	0	0.0540990900056391	0.193152002060885	0.00857404779180567	0	0.0111820914998549	0	0	0	0.0952442004711388	0	0.0321949405835474	0	0.0229652629465673	0	0.98	-0.0466905234192571	1.15905862454341
REF4	0.0434470515352292	0	0.188961564994128	0	0.0582145968519961	0.365638100902808	0	0	0	0	0.0625775972506286	0	0.0343733229345221	0	0.00111625775305184	0.21416300251983	0	0	0.0315085052578064	0	0	0	0.916	-0.0248456627082717	1.09945626830014
REF5	0	0.00373929241059694	0.0393203853276444	0	0.317322084585899	0.242051607221048	0	0	0	0	0.253202192113627	0	0	0.0111848360321678	0	0.0622284853743721	0	0	0.0498127532732357	0	0.0211383636614101	0	0.931	-0.0274161841808505	1.17346791784986
REF6	0	0.247053419123351	0	0	0.387454563416955	0.00573642940302901	0	0	0	0	0.137470262984039	0	0	0	0	0	0.063582043523716	0	0.0373434994964359	0	0.121359782052475	0	0.933	-0.0278411442803189	1.12233026405657
REF7	0	0	0.054164606301049	0	0.0761269709041473	0.308362795375633	0.026653996085827	0	0	0	0.0249512431775679	0.00295529766907719	0.204056794698193	0	0	0.247351413042869	0	0	0.0294746868341307	0	0.0259021959115058	0	0.98	-0.0468841098135472	1.11212574690864
REF8	0.0157279854009367	0	0.0550321413355379	0	0.03374056298414	0.245530874611386	0	0	0	0	0.00269999466103583	0.0426628384734093	0.0283941506152618	0	0	0.430254909654703	0	0.00391498035435923	0.14204156190923	0	0	0	0.948	-0.0310767830386816	1.10289349706151
REF9	0.0946923502992557	0	0.286585451154744	0	0.0718780733120142	0.157791407292843	0	0	0	0	0.028110661890375	0	0	0	0	0.276606404877449	0	0	0.079806907135815	0	0.00452874403750477	0	0.955	-0.033570129309948	1.09325686482486
AKI7	0.0785237234062923	0	0	0.0408044182014836	0.221349663497945	0.0829675429726904	0	0	0.171013204326079	0	0.207714132674017	0	0.00439938080925962	0.128765236213063	0	0.0644626978991708	0	0	0	0	0	0	0.987	-0.0547109064102651	1.16397764198652
AKI1	0.151147345529084	0	0.0119868911707384	0	0.0272529801967359	0.28224153580958	0	0	0.058611094682794	0	0.0240711559528016	0.0299476575365262	0.346204363018834	0.0511091170675028	0	0	0	0	0.017427859035404	0	0	0	0.314	0.0690570108441303	1.07926437037769
AKI2	0.0285727161112952	0	0.227469721720529	0	0.0815725131758319	0.248179908207802	0	0	0.0869158376393138	0	0.0620462607718277	0.0248419690806483	0.11141836681622	0.0814578516634206	0	0.0100164052891715	0	0	0.00622487687349097	0	0.0312835726504484	0	0.991	-0.0577098540663682	1.11422564762302
AKI3	0.0603051617747271	0	0.0582820044715416	0	0.216090113110231	0.222569717200576	0.0191547390816503	0	0	0	0.186610713300712	0	0.0271415996556022	0.0420957066073369	0	0.0429858864858775	0	0	0.113092540336925	0	0.0116718179748204	0	0.981	-0.0472094140894946	1.13232685426075
AKI4	0.255888349362153	0	0.264295129509779	0	0.094222824032725	0.113666895802192	0	0	0	0	0.0963726595270184	0	0.0247453387295231	0.0419483503712645	0	0.04378078774834	0	0	0.065079664917005	0	0	0	0.657	0.0134973043943324	1.08961125982074
AKI5	0.0649739754698591	0	0	0.00392096751105037	0	0.210652506592868	0	0	0.00284654027938985	0	0.131393648051649	0	0.439062427281851	0.0077645669624177	0.000780153666151679	0	0	0	0	0.101312574280813	0.0372926399039498	0	0.878	-0.0191988035040449	1.12876538610804
AKI11	0.255343493653995	0	0.406784368591294	0	0	0.150873312917927	0	0	0.0605672490342584	0	0.0053918046887048	0.0483734733378547	4.18569456934757e-05	0.00312257471831386	0	0.0369029659447123	0	0	0.0325989001672466	0	0	0	0.842	-0.0134020267472026	1.13071099544523
AKI12	0.103801789857156	0	0.129620983826841	0.035296151987742	0.0984896464571262	0.265165179315893	0.012701715106221	0	0	0	0.118076566755935	0.0133537576803878	0.177474597403849	0.0165579629202451	0	0.025265733607922	0	0.00419591508068201	0	0	0	0	0.982	-0.0490624024001486	1.12318773409281
AKI6	0.0188263869455102	0.0544984672592953	0	0	0.0337016787250473	0.283736698442748	0	0	0	0	0.144131794566616	0	0.263287545473756	0.0553345813777743	0	0.054369513337857	0	0	0.0921133338713961	0	0	0	0.971	-0.0411811628151283	1.11523079138957
AKI9	0.0410946694945993	0	0.0172550074285115	0	0.0628223410589674	0.454887215539527	0	0	0	0	0.176152954596677	0	0.0363224979541475	0.00894815578069525	0	0.0918650007119439	0	0.0010147576483714	0.10963739978656	0	0	0	0.889	-0.0212807302824185	1.13800480183254
AKI10	0.0843127264386103	0	0.0627610507234925	0	0.0227373980668469	0.240853486952239	0	0.0475105691014125	0	0	0.0788316493020431	0	0.366115956675186	0.0341681609351363	0	0.0462249506348	0	0.00274325223960845	0	0	0.0137407989306249	0	0.98	-0.046351801261396	1.12359149099275
AKI8	0	0.0435254279852917	0.00986543348806499	0.0516172977817603	0.0342991651864058	0.53672992665484	0.0257482348985801	0	0	0	0.151155282601548	0	0.0425937686339562	0.0137056086476793	0.00234859631552086	0.0532403917593629	0	0.0153085026950421	0.0198623633519484	0	0	0	0.146	0.115455536924043	1.09670493883638
AKI13	0	0	0.169061395404561	0.109989048486157	0.194807827209148	0.194084650696994	0	0	0	0	0.129847431521459	0.0105529920926834	0.140988661487038	0.036077155491224	0	0	0	0	0.0145908376107363	0	0	0	0.89	-0.0215899865497012	1.12928238577486
AKI14	0.00414698603859909	0.000199271223170114	9.27583113574666e-05	0	0.155140524989902	0.401440042988692	0	0	0	0	0.164428569908182	0	0.206111437901323	0.0289955456775678	0	0	0	0.00464249523594809	0	0.0257458690636161	0.00905649866164255	0	0.766	-0.00186560780223996	1.14230007593065
AKI15	0.192422586330787	0	0.000685368197063665	0	0.0793926851687589	0	0.023630409978564	0	0.0109685891814281	0.063678592838729	0.0351305866397433	0	0.0318962641161479	0.0666819854479328	0	0	0	0.00262706709556439	0	0.105591559630893	0	0.387294305374388	0.00600000000000001	0.309601756455687	1.01093040055437
AKI16	0.034871541555354	0	0.028215956652234	0	0.0431500580467532	0.439623955675614	0.0336784912215733	0	0.0482850608880108	0	0.30834908186265	0	0.049273083674556	0	0.000995515690395011	0.0135572547328594	0	0	0	0	0	0	0.958	-0.0351289736798219	1.20563727133281
AKI17	0	0	0.0956786609813567	0.0982948773594689	0	0.257773577690305	0	0.206020827665568	0.012186111878072	0	0	0.00938817451221175	0.072715841948283	0.0390853854893264	0.0616548337513592	0	0.00429934597289582	0	0.107441679298214	0	0	0.0354606834529391	0.746	0.000513822060883875	1.10219305621896
AKI18	0.108795277414067	0	0	0.0593289249647367	0.263027113659267	0.0118648107145431	0	0	0	0	0.169807480874416	0	0.210265344956711	0.0858607329525281	0	0	0	0.00758959648776235	0.0834607179759684	0	0	0	0.999	-0.0850976326640009	1.13846135112856
AKI19	0	0.00357959480279836	0.0215302266467508	0.230071147710849	0	0.214718618880002	0	0.0802287399611645	0	0	0.156397501580593	0	0.10439579140813	0.117759583825647	0.019598564229949	0.0517202309541164	0	0	0	0	0	0	0.994	-0.0658516176220583	1.16922781203049
AKI20	0.134442734225357	0.00719540715894617	0	0	0.226742010538238	0	0	0	0.251706077823927	0	0.126526873485401	0	0.0759808661403902	0.0740843746131427	0	0	0	0	0	0.103321656014599	0	0	0.461	0.042309449645713	1.09215025448496
AKI21	0	0.0822593166463628	0.00970524779081116	0	0.187741906171066	0.185247410432999	0	0.322575300402895	0	0	0.132797035284123	0	0	0.00200079828294024	0	0.0164937569221448	0	0.00132668738189063	0.0284028144861765	0	0	0.0314497261985904	0.372	0.0574819835320279	1.13107520715983
AKI22	0	0.0853422918327337	0	0.0482203332941292	0.249492203768397	0.144410000132061	0.0134490662373615	0	0	0	0.0470088130222795	0	0.211734905724653	0.0218923876744511	0.0887389107029521	0	0.0184001084922466	0	0.0713109791187355	0	0	0	0.664	0.0125420759048645	1.09758430593491
AKI23	0	0.00950723430393059	0	0.00602029244362834	0.00304197555820156	0.0785483481964619	0	0.0130992070141632	0	0	0	0.0444955455093719	0.446990510984762	0	0.0225872042545666	0	0	0.12437798176455	0.210101231837888	0	0.0412304681324761	0	0.53	0.0304490132503296	1.10535056019614
AKI24	0.15009947707628	0	0.0221978873531068	0.00490694129896535	0.134622667111417	0.321794659595739	0	0.0256731559728866	0	0	0.173038416551497	0	0.106312861337402	0.0585237748317097	0.00283015887099717	0	0	0	0	0	0	0	0.76	-0.00121749627508332	1.12999867270835
AKI25	0.0724688171900699	0	0.0177953447057125	0.0348650195775191	0	0.464649730916262	0	0	0	0	0.0141798134248624	0	0.357501338279738	0.0271397670886765	0.00106849951477538	0	0	0	0.0103316693023834	0	0	0	0.113	0.131442607510745	1.06457520692209
AKI26	0.157965564291096	0	0.0587509485859859	0.130952451683197	0.115338467233823	0.216411676111119	0.0144806051190425	0	0	0	0.14936822404163	0	0.0187361090627363	0.0301504206652778	0	0.0522101910688569	0	0	0	0	0.0556353421372356	0	0.72	0.00427695944219531	1.12196918625518
AKI27	0	0	0	0	0.295897963748753	0	0	0	0.0444659291993166	0.059697499122645	0.0703993561345579	0	0.196010093360308	0	0	0.123194491896822	0	0	0	0.210334666537598	0	0	0.999	-0.0914840283370811	1.14031870219111
AKI28	0	0.130233379500334	0.173023370036132	0	0.372863834797116	0	0.0299991621808618	0	0.0208099766692699	0.0454088232012545	0.147628437401203	0	0	0.0229501061338742	0	0	0	0	0.0324911940366822	0	0.0245917160432722	0	0.986	-0.05326453031382	1.13902446753879
AKI29	0	0	0.0991820822660461	0	0.322418991067486	0.258270661435938	0.0298249166413588	0	0	0	0.0587018588226247	0	0.0923833103892344	0	0.00421417853367222	0.0956244734345723	0	0	0	0	0.0393795274090675	0	0.418	0.0486265392778855	1.09775376216462
AKI30	0.273256551388549	0	0.0997621700388412	0.0930305189648691	0	0.0810569810058028	0	0.0245716800092637	0	0	0.062375248770613	0	0.0244756536775271	0	0	0	0	0	0	0.238197034150433	0.103274161994102	0	0.961	-0.0365108743355657	1.1140388698491
AKI31	0.213279478649482	0	0.0447722100842957	0	0.165471373675949	0.105527764151393	0	0	0.0745637131773138	0	0.0945038562869595	0	0.114078333765136	0	0.0295405888355251	0.0680335195167822	0	0.0902291618571637	0	0	0	0	0.932	-0.0275097021304895	1.10559676069086
AKI32	0	0	0	0	0	0.118041238105361	0	0.216486589352627	0	0	0	0.0727379325511869	0	0.25036117479145	0	0.0191987925659047	0	0.029181272310102	0.202029952723181	0	0	0.0919630476001881	0.849	-0.0145330307998019	1.11296751090565
AKI33	0.00219783336829765	0	0.0804487131610421	0	0.0317471625441335	0.178984421079843	0	0	0.067933505402985	0	0.0087269527200372	0.0439721934759089	0.299010040365054	0	0	0	0	0.023733969848688	0	0.26324520803401	0	0	0.967	-0.039459971115667	1.11477897482374
AKI34	0	0.0962446386261523	0.0221767669121837	0	0.00559772664664731	0	0	0.350011745371385	0	0	0.22584693904821	0.0402871825900698	0.118051467631041	0.10238829305404	0	0	0	0	0.0189244260091632	0.0150027407141399	0.00546807339696763	0	0.952	-0.0322422646693746	1.1392448982302
AKI35	0	0.0574603433773716	0	0	0	0.255282161561546	0.0411019242302056	0	0.0494171182001809	0	0.26175917752765	0	0.196765695764207	0.0915912826729243	0	0	0	0	0.0466222966659152	0	0	0	0.983	-0.0500918245356975	1.14544440287398
AKI36	0.512081704926771	0	0	0	0	0.0319327102774032	0	0.0797882994956671	0	0	0.0545788673883402	0	0.140599948050473	0	0	0.162266708514124	0	0.0187517613472213	0	0	0	0	0.869	-0.0178270398007308	1.14387169476832
AKI37	0	0.0363049205634148	0.0541160986169273	0.0174975431229098	0.23765239284498	0.218523875803967	0	0	0	0	0.156264255684667	0	0.254903122909982	0.0227810239164331	0	0	0	0.00195676653671946	0	0	0	0	0.365	0.0604263917890406	1.09599155639217
AKI38	0.133353590946203	0	0.105868650402589	0	0.183977888302391	0	0.0834635556263563	0	0.0081339910942571	0	0	0.0385101472078364	0.375809418092374	0.0608514206271762	0	0	0	0.010031337700817	0	0	0	0	0.954	-0.0328432317790493	1.11152256339639
AKI39	0	0.073554746851807	0.00988887674664861	0.0118109847654731	0.332025459043226	0.125000148867896	0	0	0	0	0.23372583355868	0	0.0635287528208096	0.097845223350748	0	0.0179767707851953	0	0	0.0346432032095162	0	0	0	0.956	-0.0337722546110721	1.151370922359
